Frame_Number,Timestamp,Heart_Rate,Heart_Waveform
16,1748283494751.2222,77.00859832763672,0.0
16,1748283494751.2222,77.00859832763672,0.0
16,1748283494751.2222,77.00859832763672,0.0
16,1748283494751.2222,77.00859832763672,0.0
16,1748283494751.2222,77.00859832763672,0.0
16,1748283494751.2222,77.00859832763672,0.0
16,1748283494751.2222,77.00859832763672,0.0
16,1748283494751.2222,77.00859832763672,0.0
16,1748283494751.2222,77.00859832763672,0.0
16,1748283494751.2222,77.00859832763672,0.0
16,1748283494751.2222,77.00859832763672,-0.016607964411377907
16,1748283494751.2222,77.00859832763672,-0.09805373847484589
16,1748283494751.2222,77.00859832763672,0.21973706781864166
16,1748283494751.2222,77.00859832763672,0.28447428345680237
16,1748283494751.2222,77.00859832763672,-0.3749287724494934
32,1748283496193.2434,61.94169998168945,0.0
32,1748283496193.2434,61.94169998168945,0.0
32,1748283496193.2434,61.94169998168945,0.0
32,1748283496193.2434,61.94169998168945,0.0
32,1748283496193.2434,61.94169998168945,0.0
32,1748283496193.2434,61.94169998168945,0.0005062884301878512
32,1748283496193.2434,61.94169998168945,0.0027404511347413063
32,1748283496193.2434,61.94169998168945,0.056873876601457596
32,1748283496193.2434,61.94169998168945,-0.0010066702961921692
32,1748283496193.2434,61.94169998168945,-0.1815982162952423
32,1748283496193.2434,61.94169998168945,-0.16041027009487152
32,1748283496193.2434,61.94169998168945,0.2064853310585022
32,1748283496193.2434,61.94169998168945,0.46875232458114624
32,1748283496193.2434,61.94169998168945,-0.01739943027496338
32,1748283496193.2434,61.94169998168945,-0.4476619362831116
48,1748283497632.0435,55.24530029296875,0.00020116717496421188
48,1748283497632.0435,55.24530029296875,0.0009722994291223586
48,1748283497632.0435,55.24530029296875,0.057493653148412704
48,1748283497632.0435,55.24530029296875,0.008065246045589447
48,1748283497632.0435,55.24530029296875,-0.1779540479183197
48,1748283497632.0435,55.24530029296875,-0.18297387659549713
48,1748283497632.0435,55.24530029296875,0.1969815194606781
48,1748283497632.0435,55.24530029296875,0.494221031665802
48,1748283497632.0435,55.24530029296875,-0.00463336706161499
48,1748283497632.0435,55.24530029296875,-0.46095287799835205
48,1748283497632.0435,55.24530029296875,-0.3176504373550415
48,1748283497632.0435,55.24530029296875,-0.02800881862640381
48,1748283497632.0435,55.24530029296875,0.5971462726593018
48,1748283497632.0435,55.24530029296875,0.4838259816169739
48,1748283497632.0435,55.24530029296875,-0.55130535364151
64,1748283499073.2341,55.24530029296875,-0.19142785668373108
64,1748283499073.2341,55.24530029296875,0.19171562790870667
64,1748283499073.2341,55.24530029296875,0.5087770223617554
64,1748283499073.2341,55.24530029296875,-0.0010538697242736816
64,1748283499073.2341,55.24530029296875,-0.47321617603302
64,1748283499073.2341,55.24530029296875,-0.22778820991516113
64,1748283499073.2341,55.24530029296875,0.08292463421821594
64,1748283499073.2341,55.24530029296875,0.05932077765464783
64,1748283499073.2341,55.24530029296875,0.2478659749031067
64,1748283499073.2341,55.24530029296875,0.20316806435585022
64,1748283499073.2341,55.24530029296875,-0.12059158086776733
64,1748283499073.2341,55.24530029296875,-0.2880520820617676
64,1748283499073.2341,55.24530029296875,-0.060364916920661926
64,1748283499073.2341,55.24530029296875,0.1696275770664215
64,1748283499073.2341,55.24530029296875,-0.009558698162436485
80,1748283500511.8965,77.00859832763672,-0.22635743021965027
80,1748283500511.8965,77.00859832763672,0.08754828572273254
80,1748283500511.8965,77.00859832763672,0.06570984423160553
80,1748283500511.8965,77.00859832763672,0.243599534034729
80,1748283500511.8965,77.00859832763672,0.1970144510269165
80,1748283500511.8965,77.00859832763672,-0.11901029944419861
80,1748283500511.8965,77.00859832763672,-0.28050142526626587
80,1748283500511.8965,77.00859832763672,-0.060957565903663635
80,1748283500511.8965,77.00859832763672,0.16004063189029694
80,1748283500511.8965,77.00859832763672,-0.011637513525784016
80,1748283500511.8965,77.00859832763672,-0.11695820838212967
80,1748283500511.8965,77.00859832763672,0.38125884532928467
80,1748283500511.8965,77.00859832763672,0.26973626017570496
80,1748283500511.8965,77.00859832763672,-0.713268518447876
80,1748283500511.8965,77.00859832763672,-0.5816310048103333
96,1748283501951.9556,60.267601013183594,-0.1199861466884613
96,1748283501951.9556,60.267601013183594,-0.28404778242111206
96,1748283501951.9556,60.267601013183594,-0.061046212911605835
96,1748283501951.9556,60.267601013183594,0.16149038076400757
96,1748283501951.9556,60.267601013183594,-0.012959194369614124
96,1748283501951.9556,60.267601013183594,-0.11337263137102127
96,1748283501951.9556,60.267601013183594,0.37991780042648315
96,1748283501951.9556,60.267601013183594,0.26063087582588196
96,1748283501951.9556,60.267601013183594,-0.7070056796073914
96,1748283501951.9556,60.267601013183594,-0.5694235563278198
96,1748283501951.9556,60.267601013183594,0.4448949694633484
96,1748283501951.9556,60.267601013183594,0.7553030848503113
96,1748283501951.9556,60.267601013183594,0.2840128540992737
96,1748283501951.9556,60.267601013183594,-0.35591912269592285
96,1748283501951.9556,60.267601013183594,-0.5979632139205933
112,1748283503394.8252,58.59349822998047,-0.10579658299684525
112,1748283503394.8252,58.59349822998047,0.38222432136535645
112,1748283503394.8252,58.59349822998047,0.24982893466949463
112,1748283503394.8252,58.59349822998047,-0.7047402858734131
112,1748283503394.8252,58.59349822998047,-0.559496283531189
112,1748283503394.8252,58.59349822998047,0.44052600860595703
112,1748283503394.8252,58.59349822998047,0.7477366924285889
112,1748283503394.8252,58.59349822998047,0.28584468364715576
112,1748283503394.8252,58.59349822998047,-0.35209518671035767
112,1748283503394.8252,58.59349822998047,-0.5959160327911377
112,1748283503394.8252,58.59349822998047,-0.3903399407863617
112,1748283503394.8252,58.59349822998047,0.20998495817184448
112,1748283503394.8252,58.59349822998047,0.5179169774055481
112,1748283503394.8252,58.59349822998047,0.18553419411182404
112,1748283503394.8252,58.59349822998047,-0.1494925320148468
128,1748283504833.8818,60.267601013183594,0.4395480155944824
128,1748283504833.8818,60.267601013183594,0.7450717687606812
128,1748283504833.8818,60.267601013183594,0.2862304449081421
128,1748283504833.8818,60.267601013183594,-0.3500979542732239
128,1748283504833.8818,60.267601013183594,-0.5953670740127563
128,1748283504833.8818,60.267601013183594,-0.39134129881858826
128,1748283504833.8818,60.267601013183594,0.20965802669525146
128,1748283504833.8818,60.267601013183594,0.5178130865097046
128,1748283504833.8818,60.267601013183594,0.18519136309623718
128,1748283504833.8818,60.267601013183594,-0.1484709084033966
128,1748283504833.8818,60.267601013183594,0.11179894208908081
128,1748283504833.8818,60.267601013183594,0.27552318572998047
128,1748283504833.8818,60.267601013183594,-0.5358680486679077
128,1748283504833.8818,60.267601013183594,-0.9198516607284546
128,1748283504833.8818,60.267601013183594,0.027585864067077637
144,1748283506271.9778,60.267601013183594,-0.43624162673950195
144,1748283506271.9778,60.267601013183594,0.2040919065475464
144,1748283506271.9778,60.267601013183594,0.5457907319068909
144,1748283506271.9778,60.267601013183594,0.2192685902118683
144,1748283506271.9778,60.267601013183594,-0.12570706009864807
144,1748283506271.9778,60.267601013183594,0.11155128479003906
144,1748283506271.9778,60.267601013183594,0.26473575830459595
144,1748283506271.9778,60.267601013183594,-0.5529870986938477
144,1748283506271.9778,60.267601013183594,-0.9341992139816284
144,1748283506271.9778,60.267601013183594,0.028698205947875977
144,1748283506271.9778,60.267601013183594,1.1345505714416504
144,1748283506271.9778,60.267601013183594,0.8630962371826172
144,1748283506271.9778,60.267601013183594,-0.3517810106277466
144,1748283506271.9778,60.267601013183594,-0.912577211856842
144,1748283506271.9778,60.267601013183594,-0.3434968888759613
160,1748283507713.0337,60.267601013183594,-0.35321569442749023
160,1748283507713.0337,60.267601013183594,-0.19935554265975952
160,1748283507713.0337,60.267601013183594,-0.6081036925315857
160,1748283507713.0337,60.267601013183594,-0.8694270849227905
160,1748283507713.0337,60.267601013183594,0.156752347946167
160,1748283507713.0337,60.267601013183594,1.3458094596862793
160,1748283507713.0337,60.267601013183594,0.984601616859436
160,1748283507713.0337,60.267601013183594,-0.4038647413253784
160,1748283507713.0337,60.267601013183594,-1.0392231941223145
160,1748283507713.0337,60.267601013183594,-0.4494895339012146
160,1748283507713.0337,60.267601013183594,-0.08319389820098877
160,1748283507713.0337,60.267601013183594,0.2445937991142273
160,1748283507713.0337,60.267601013183594,0.5868105888366699
160,1748283507713.0337,60.267601013183594,0.4091328978538513
160,1748283507713.0337,60.267601013183594,-0.09698349237442017
176,1748283509154.9639,60.267601013183594,1.341629147529602
176,1748283509154.9639,60.267601013183594,0.9791544675827026
176,1748283509154.9639,60.267601013183594,-0.39732182025909424
176,1748283509154.9639,60.267601013183594,-1.0384966135025024
176,1748283509154.9639,60.267601013183594,-0.4560151994228363
176,1748283509154.9639,60.267601013183594,-0.07669097185134888
176,1748283509154.9639,60.267601013183594,0.25126659870147705
176,1748283509154.9639,60.267601013183594,0.576439380645752
176,1748283509154.9639,60.267601013183594,0.40104541182518005
176,1748283509154.9639,60.267601013183594,-0.08955645561218262
176,1748283509154.9639,60.267601013183594,-0.37041351199150085
176,1748283509154.9639,60.267601013183594,-0.3040871024131775
176,1748283509154.9639,60.267601013183594,0.0012478828430175781
176,1748283509154.9639,60.267601013183594,0.028671562671661377
176,1748283509154.9639,60.267601013183594,0.022341817617416382
192,1748283510591.1365,60.267601013183594,0.1302585005760193
192,1748283510591.1365,60.267601013183594,0.3414227366447449
192,1748283510591.1365,60.267601013183594,0.5006858110427856
192,1748283510591.1365,60.267601013183594,0.2971816062927246
192,1748283510591.1365,60.267601013183594,-0.159479558467865
192,1748283510591.1365,60.267601013183594,-0.4105033278465271
192,1748283510591.1365,60.267601013183594,-0.29226458072662354
192,1748283510591.1365,60.267601013183594,0.06436696648597717
192,1748283510591.1365,60.267601013183594,0.07761909067630768
192,1748283510591.1365,60.267601013183594,0.033315420150756836
192,1748283510591.1365,60.267601013183594,0.23481465876102448
192,1748283510591.1365,60.267601013183594,0.16718599200248718
192,1748283510591.1365,60.267601013183594,-0.19601473212242126
192,1748283510591.1365,60.267601013183594,-0.3340767025947571
192,1748283510591.1365,60.267601013183594,0.1267627626657486
208,1748283512031.3206,60.267601013183594,-0.3952997624874115
208,1748283512031.3206,60.267601013183594,-0.268222838640213
208,1748283512031.3206,60.267601013183594,0.09740817546844482
208,1748283512031.3206,60.267601013183594,0.0907154381275177
208,1748283512031.3206,60.267601013183594,0.02336058020591736
208,1748283512031.3206,60.267601013183594,0.23531554639339447
208,1748283512031.3206,60.267601013183594,0.15130162239074707
208,1748283512031.3206,60.267601013183594,-0.23351982235908508
208,1748283512031.3206,60.267601013183594,-0.346779465675354
208,1748283512031.3206,60.267601013183594,0.16369500756263733
208,1748283512031.3206,60.267601013183594,0.3276447057723999
208,1748283512031.3206,60.267601013183594,-0.12119323015213013
208,1748283512031.3206,60.267601013183594,-0.09123511612415314
208,1748283512031.3206,60.267601013183594,0.02309470996260643
208,1748283512031.3206,60.267601013183594,-0.16691617667675018
224,1748283513473.2598,58.59349822998047,0.2755402624607086
224,1748283513473.2598,58.59349822998047,0.14951598644256592
224,1748283513473.2598,58.59349822998047,-0.3007352352142334
224,1748283513473.2598,58.59349822998047,-0.3532455563545227
224,1748283513473.2598,58.59349822998047,0.2279646396636963
224,1748283513473.2598,58.59349822998047,0.35395416617393494
224,1748283513473.2598,58.59349822998047,-0.14830030500888824
224,1748283513473.2598,58.59349822998047,-0.10662912577390671
224,1748283513473.2598,58.59349822998047,0.018891088664531708
224,1748283513473.2598,58.59349822998047,-0.18189799785614014
224,1748283513473.2598,58.59349822998047,0.02389425039291382
224,1748283513473.2598,58.59349822998047,0.3677596151828766
224,1748283513473.2598,58.59349822998047,-0.0836172103881836
224,1748283513473.2598,58.59349822998047,-0.37818610668182373
224,1748283513473.2598,58.59349822998047,0.19304361939430237
240,1748283514911.0159,58.59349822998047,0.3769798278808594
240,1748283514911.0159,58.59349822998047,-0.1750119924545288
240,1748283514911.0159,58.59349822998047,-0.1198614239692688
240,1748283514911.0159,58.59349822998047,0.015383245423436165
240,1748283514911.0159,58.59349822998047,-0.19592653214931488
240,1748283514911.0159,58.59349822998047,0.024374932050704956
240,1748283514911.0159,58.59349822998047,0.3977741599082947
240,1748283514911.0159,58.59349822998047,-0.07854557037353516
240,1748283514911.0159,58.59349822998047,-0.40643423795700073
240,1748283514911.0159,58.59349822998047,0.20007763803005219
240,1748283514911.0159,58.59349822998047,0.3537229299545288
240,1748283514911.0159,58.59349822998047,-0.24713560938835144
240,1748283514911.0159,58.59349822998047,-0.2775813341140747
240,1748283514911.0159,58.59349822998047,0.0907384604215622
240,1748283514911.0159,58.59349822998047,0.17436003684997559
256,1748283516351.4968,56.91939926147461,-0.03932434320449829
256,1748283516351.4968,56.91939926147461,0.48543497920036316
256,1748283516351.4968,56.91939926147461,0.025734007358551025
256,1748283516351.4968,56.91939926147461,-0.3885059356689453
256,1748283516351.4968,56.91939926147461,0.19978067278862
256,1748283516351.4968,56.91939926147461,0.34289002418518066
256,1748283516351.4968,56.91939926147461,-0.302977591753006
256,1748283516351.4968,56.91939926147461,-0.3202129900455475
256,1748283516351.4968,56.91939926147461,0.09750568866729736
256,1748283516351.4968,56.91939926147461,0.1973232626914978
256,1748283516351.4968,56.91939926147461,0.05208543315529823
256,1748283516351.4968,56.91939926147461,0.1916111409664154
256,1748283516351.4968,56.91939926147461,-0.07071435451507568
256,1748283516351.4968,56.91939926147461,-0.6480885744094849
256,1748283516351.4968,56.91939926147461,0.12105405330657959
272,1748283517796.7815,58.59349822998047,0.38203591108322144
272,1748283517796.7815,58.59349822998047,-0.43035584688186646
272,1748283517796.7815,58.59349822998047,-0.20741865038871765
272,1748283517796.7815,58.59349822998047,0.7157832384109497
272,1748283517796.7815,58.59349822998047,0.047576069831848145
272,1748283517796.7815,58.59349822998047,-0.8128911256790161
272,1748283517796.7815,58.59349822998047,0.010313808917999268
272,1748283517796.7815,58.59349822998047,0.43694448471069336
272,1748283517796.7815,58.59349822998047,-0.32396894693374634
272,1748283517796.7815,58.59349822998047,0.16037386655807495
272,1748283517796.7815,58.59349822998047,0.7602418065071106
272,1748283517796.7815,58.59349822998047,-0.38524144887924194
272,1748283517796.7815,58.59349822998047,-0.8483333587646484
272,1748283517796.7815,58.59349822998047,0.31094908714294434
272,1748283517796.7815,58.59349822998047,0.5495808720588684
288,1748283519233.0332,55.24530029296875,-0.9118213057518005
288,1748283519233.0332,55.24530029296875,0.10252058506011963
288,1748283519233.0332,55.24530029296875,0.5553420782089233
288,1748283519233.0332,55.24530029296875,-0.12447509169578552
288,1748283519233.0332,55.24530029296875,0.29947739839553833
288,1748283519233.0332,55.24530029296875,0.6978983283042908
288,1748283519233.0332,55.24530029296875,-0.517085611820221
288,1748283519233.0332,55.24530029296875,-0.9171708226203918
288,1748283519233.0332,55.24530029296875,0.26930660009384155
288,1748283519233.0332,55.24530029296875,0.5279831886291504
288,1748283519233.0332,55.24530029296875,-0.12932638823986053
288,1748283519233.0332,55.24530029296875,-0.13048574328422546
288,1748283519233.0332,55.24530029296875,0.1746252179145813
288,1748283519233.0332,55.24530029296875,0.016179412603378296
288,1748283519233.0332,55.24530029296875,-0.3380321264266968
304,1748283520671.5664,55.24530029296875,0.6731196045875549
304,1748283520671.5664,55.24530029296875,-0.520371675491333
304,1748283520671.5664,55.24530029296875,-0.8774927854537964
304,1748283520671.5664,55.24530029296875,0.281374990940094
304,1748283520671.5664,55.24530029296875,0.49803704023361206
304,1748283520671.5664,55.24530029296875,-0.14427168667316437
304,1748283520671.5664,55.24530029296875,-0.12297720462083817
304,1748283520671.5664,55.24530029296875,0.1815837025642395
304,1748283520671.5664,55.24530029296875,0.01830725371837616
304,1748283520671.5664,55.24530029296875,-0.33596038818359375
304,1748283520671.5664,55.24530029296875,0.0647767186164856
304,1748283520671.5664,55.24530029296875,0.38116753101348877
304,1748283520671.5664,55.24530029296875,-0.2309960275888443
304,1748283520671.5664,55.24530029296875,-0.1941985934972763
304,1748283520671.5664,55.24530029296875,0.3160005509853363
320,1748283522111.5403,55.24530029296875,-0.1911056935787201
320,1748283522111.5403,55.24530029296875,-0.09957810491323471
320,1748283522111.5403,55.24530029296875,0.21451565623283386
320,1748283522111.5403,55.24530029296875,0.028543487191200256
320,1748283522111.5403,55.24530029296875,-0.3385295867919922
320,1748283522111.5403,55.24530029296875,0.059345901012420654
320,1748283522111.5403,55.24530029296875,0.3889290690422058
320,1748283522111.5403,55.24530029296875,-0.24457865953445435
320,1748283522111.5403,55.24530029296875,-0.21992824971675873
320,1748283522111.5403,55.24530029296875,0.3351568579673767
320,1748283522111.5403,55.24530029296875,0.10590425133705139
320,1748283522111.5403,55.24530029296875,-0.35109272599220276
320,1748283522111.5403,55.24530029296875,-0.15923506021499634
320,1748283522111.5403,55.24530029296875,0.3060801327228546
320,1748283522111.5403,55.24530029296875,0.23850871622562408
336,1748283523551.4631,55.24530029296875,-0.14907938241958618
336,1748283523551.4631,55.24530029296875,0.3317311704158783
336,1748283523551.4631,55.24530029296875,-0.17817366123199463
336,1748283523551.4631,55.24530029296875,-0.15129904448986053
336,1748283523551.4631,55.24530029296875,0.4196885824203491
336,1748283523551.4631,55.24530029296875,0.16916599869728088
336,1748283523551.4631,55.24530029296875,-0.3771568238735199
336,1748283523551.4631,55.24530029296875,-0.22983209788799286
336,1748283523551.4631,55.24530029296875,0.26537641882896423
336,1748283523551.4631,55.24530029296875,0.23143674433231354
336,1748283523551.4631,55.24530029296875,-0.14008048176765442
336,1748283523551.4631,55.24530029296875,-0.2601014971733093
336,1748283523551.4631,55.24530029296875,-0.11272770166397095
336,1748283523551.4631,55.24530029296875,0.3059132993221283
336,1748283523551.4631,55.24530029296875,0.38027331233024597
352,1748283524992.292,56.91939926147461,0.18147814273834229
352,1748283524992.292,56.91939926147461,0.028003454208374023
352,1748283524992.292,56.91939926147461,-0.4380020499229431
352,1748283524992.292,56.91939926147461,-0.18847669661045074
352,1748283524992.292,56.91939926147461,0.2512536942958832
352,1748283524992.292,56.91939926147461,0.04758264124393463
352,1748283524992.292,56.91939926147461,-0.19411541521549225
352,1748283524992.292,56.91939926147461,0.15538467466831207
352,1748283524992.292,56.91939926147461,0.1501423567533493
352,1748283524992.292,56.91939926147461,-0.15498781204223633
352,1748283524992.292,56.91939926147461,0.1187843382358551
352,1748283524992.292,56.91939926147461,0.14436793327331543
352,1748283524992.292,56.91939926147461,-0.15680985152721405
352,1748283524992.292,56.91939926147461,-0.05766785517334938
352,1748283524992.292,56.91939926147461,-0.16418743133544922
368,1748283526436.7927,55.24530029296875,0.10897721350193024
368,1748283526436.7927,55.24530029296875,-0.20293202996253967
368,1748283526436.7927,55.24530029296875,0.18693630397319794
368,1748283526436.7927,55.24530029296875,0.29705214500427246
368,1748283526436.7927,55.24530029296875,-0.12188564240932465
368,1748283526436.7927,55.24530029296875,-0.034485720098018646
368,1748283526436.7927,55.24530029296875,0.03946515917778015
368,1748283526436.7927,55.24530029296875,-0.1154271811246872
368,1748283526436.7927,55.24530029296875,0.004684394225478172
368,1748283526436.7927,55.24530029296875,-0.17122478783130646
368,1748283526436.7927,55.24530029296875,-0.1720973253250122
368,1748283526436.7927,55.24530029296875,0.29654791951179504
368,1748283526436.7927,55.24530029296875,0.3097565174102783
368,1748283526436.7927,55.24530029296875,-0.1580219864845276
368,1748283526436.7927,55.24530029296875,-0.1886623501777649
384,1748283527873.6865,56.91939926147461,-0.07573990523815155
384,1748283527873.6865,56.91939926147461,-0.014772191643714905
384,1748283527873.6865,56.91939926147461,-0.09792725741863251
384,1748283527873.6865,56.91939926147461,0.046498604118824005
384,1748283527873.6865,56.91939926147461,-0.19252300262451172
384,1748283527873.6865,56.91939926147461,-0.35977229475975037
384,1748283527873.6865,56.91939926147461,0.41362011432647705
384,1748283527873.6865,56.91939926147461,0.9334774017333984
384,1748283527873.6865,56.91939926147461,-0.3203158974647522
384,1748283527873.6865,56.91939926147461,-1.0363086462020874
384,1748283527873.6865,56.91939926147461,0.021789908409118652
384,1748283527873.6865,56.91939926147461,0.6194616556167603
384,1748283527873.6865,56.91939926147461,-0.09357604384422302
384,1748283527873.6865,56.91939926147461,-0.17919296026229858
384,1748283527873.6865,56.91939926147461,0.3411855101585388
400,1748283529310.9907,53.57120132446289,-0.3656058609485626
400,1748283529310.9907,53.57120132446289,0.4237363338470459
400,1748283529310.9907,53.57120132446289,0.9365642070770264
400,1748283529310.9907,53.57120132446289,-0.32930558919906616
400,1748283529310.9907,53.57120132446289,-1.0402169227600098
400,1748283529310.9907,53.57120132446289,0.02736663818359375
400,1748283529310.9907,53.57120132446289,0.6252468228340149
400,1748283529310.9907,53.57120132446289,-0.09809893369674683
400,1748283529310.9907,53.57120132446289,-0.18406334519386292
400,1748283529310.9907,53.57120132446289,0.3446037769317627
400,1748283529310.9907,53.57120132446289,0.21424636244773865
400,1748283529310.9907,53.57120132446289,-0.3397628664970398
400,1748283529310.9907,53.57120132446289,-0.3538309335708618
400,1748283529310.9907,53.57120132446289,0.09552884101867676
400,1748283529310.9907,53.57120132446289,0.4845436215400696
416,1748283530755.7678,55.24530029296875,0.037763237953186035
416,1748283530755.7678,55.24530029296875,0.007133796811103821
416,1748283530755.7678,55.24530029296875,-0.060648977756500244
416,1748283530755.7678,55.24530029296875,0.448426753282547
416,1748283530755.7678,55.24530029296875,0.3925154209136963
416,1748283530755.7678,55.24530029296875,-0.2547854781150818
416,1748283530755.7678,55.24530029296875,-0.5615912675857544
416,1748283530755.7678,55.24530029296875,-0.30066072940826416
416,1748283530755.7678,55.24530029296875,0.18178600072860718
416,1748283530755.7678,55.24530029296875,0.5994091629981995
416,1748283530755.7678,55.24530029296875,0.12334120273590088
416,1748283530755.7678,55.24530029296875,-0.48442158102989197
416,1748283530755.7678,55.24530029296875,-0.14852604269981384
416,1748283530755.7678,55.24530029296875,0.2021932601928711
416,1748283530755.7678,55.24530029296875,0.17085014283657074
432,1748283532195.9712,55.24530029296875,-0.05006527900695801
432,1748283532195.9712,55.24530029296875,-0.4561116397380829
432,1748283532195.9712,55.24530029296875,-0.3592910170555115
432,1748283532195.9712,55.24530029296875,0.08517149090766907
432,1748283532195.9712,55.24530029296875,0.4992981553077698
432,1748283532195.9712,55.24530029296875,0.05874133110046387
432,1748283532195.9712,55.24530029296875,-0.45196372270584106
432,1748283532195.9712,55.24530029296875,-0.06723269820213318
432,1748283532195.9712,55.24530029296875,0.2502524256706238
432,1748283532195.9712,55.24530029296875,0.16272082924842834
432,1748283532195.9712,55.24530029296875,0.03256979584693909
432,1748283532195.9712,55.24530029296875,-0.2984125018119812
432,1748283532195.9712,55.24530029296875,-0.3035122752189636
432,1748283532195.9712,55.24530029296875,0.42501509189605713
432,1748283532195.9712,55.24530029296875,0.6724912524223328
448,1748283533631.351,55.24530029296875,0.07527589797973633
448,1748283533631.351,55.24530029296875,-0.5280067920684814
448,1748283533631.351,55.24530029296875,-0.1481102854013443
448,1748283533631.351,55.24530029296875,0.17734737694263458
448,1748283533631.351,55.24530029296875,0.12396086007356644
448,1748283533631.351,55.24530029296875,0.06673993915319443
448,1748283533631.351,55.24530029296875,-0.2296696901321411
448,1748283533631.351,55.24530029296875,-0.2666465640068054
448,1748283533631.351,55.24530029296875,0.43293604254722595
448,1748283533631.351,55.24530029296875,0.6689311265945435
448,1748283533631.351,55.24530029296875,-0.47041207551956177
448,1748283533631.351,55.24530029296875,-0.7602868676185608
448,1748283533631.351,55.24530029296875,-0.027957618236541748
448,1748283533631.351,55.24530029296875,0.14066588878631592
448,1748283533631.351,55.24530029296875,0.4790921211242676
464,1748283535070.9905,55.24530029296875,0.05761253833770752
464,1748283535070.9905,55.24530029296875,-0.22077730298042297
464,1748283535070.9905,55.24530029296875,-0.2913922667503357
464,1748283535070.9905,55.24530029296875,0.4051370620727539
464,1748283535070.9905,55.24530029296875,0.6781936883926392
464,1748283535070.9905,55.24530029296875,-0.43385523557662964
464,1748283535070.9905,55.24530029296875,-0.7456042170524597
464,1748283535070.9905,55.24530029296875,-0.04652518033981323
464,1748283535070.9905,55.24530029296875,0.13037049770355225
464,1748283535070.9905,55.24530029296875,0.48886269330978394
464,1748283535070.9905,55.24530029296875,0.6555836200714111
464,1748283535070.9905,55.24530029296875,-0.0809941291809082
464,1748283535070.9905,55.24530029296875,-0.7126473784446716
464,1748283535070.9905,55.24530029296875,-0.5632162690162659
464,1748283535070.9905,55.24530029296875,0.08460718393325806
480,1748283536510.8591,55.24530029296875,-0.4196969270706177
480,1748283536510.8591,55.24530029296875,-0.733704686164856
480,1748283536510.8591,55.24530029296875,-0.05914735794067383
480,1748283536510.8591,55.24530029296875,0.11854803562164307
480,1748283536510.8591,55.24530029296875,0.5002616047859192
480,1748283536510.8591,55.24530029296875,0.6661065816879272
480,1748283536510.8591,55.24530029296875,-0.09580254554748535
480,1748283536510.8591,55.24530029296875,-0.7164816856384277
480,1748283536510.8591,55.24530029296875,-0.5524720549583435
480,1748283536510.8591,55.24530029296875,0.08471029996871948
480,1748283536510.8591,55.24530029296875,0.3135528266429901
480,1748283536510.8591,55.24530029296875,0.18945638835430145
480,1748283536510.8591,55.24530029296875,0.10271171480417252
480,1748283536510.8591,55.24530029296875,0.06613749265670776
480,1748283536510.8591,55.24530029296875,0.3358338177204132
496,1748283537951.4229,55.24530029296875,0.6737562417984009
496,1748283537951.4229,55.24530029296875,-0.10803377628326416
496,1748283537951.4229,55.24530029296875,-0.7258839011192322
496,1748283537951.4229,55.24530029296875,-0.5424604415893555
496,1748283537951.4229,55.24530029296875,0.08982980251312256
496,1748283537951.4229,55.24530029296875,0.3104685842990875
496,1748283537951.4229,55.24530029296875,0.20237208902835846
496,1748283537951.4229,55.24530029296875,0.09056413173675537
496,1748283537951.4229,55.24530029296875,0.04418709874153137
496,1748283537951.4229,55.24530029296875,0.34689781069755554
496,1748283537951.4229,55.24530029296875,0.17010116577148438
496,1748283537951.4229,55.24530029296875,-0.562968373298645
496,1748283537951.4229,55.24530029296875,-0.5999969244003296
496,1748283537951.4229,55.24530029296875,-0.11786818504333496
496,1748283537951.4229,55.24530029296875,0.028731226921081543
512,1748283539392.87,55.24530029296875,0.2998405396938324
512,1748283539392.87,55.24530029296875,0.20376461744308472
512,1748283539392.87,55.24530029296875,0.10370957851409912
512,1748283539392.87,55.24530029296875,0.04820926487445831
512,1748283539392.87,55.24530029296875,0.3338955342769623
512,1748283539392.87,55.24530029296875,0.17151635885238647
512,1748283539392.87,55.24530029296875,-0.5589985251426697
512,1748283539392.87,55.24530029296875,-0.6094762682914734
512,1748283539392.87,55.24530029296875,-0.11365598440170288
512,1748283539392.87,55.24530029296875,0.03922766447067261
512,1748283539392.87,55.24530029296875,0.20667201280593872
512,1748283539392.87,55.24530029296875,0.7285313606262207
512,1748283539392.87,55.24530029296875,0.5819575190544128
512,1748283539392.87,55.24530029296875,-0.23379158973693848
512,1748283539392.87,55.24530029296875,-0.5741720199584961
528,1748283540834.51,55.24530029296875,0.1909496784210205
528,1748283540834.51,55.24530029296875,-0.558464765548706
528,1748283540834.51,55.24530029296875,-0.6340639591217041
528,1748283540834.51,55.24530029296875,-0.11204832792282104
528,1748283540834.51,55.24530029296875,0.055885374546051025
528,1748283540834.51,55.24530029296875,0.20797032117843628
528,1748283540834.51,55.24530029296875,0.7227489948272705
528,1748283540834.51,55.24530029296875,0.5712860226631165
528,1748283540834.51,55.24530029296875,-0.23602771759033203
528,1748283540834.51,55.24530029296875,-0.5638541579246521
528,1748283540834.51,55.24530029296875,-0.4891737401485443
528,1748283540834.51,55.24530029296875,-0.3399069905281067
528,1748283540834.51,55.24530029296875,0.04011261463165283
528,1748283540834.51,55.24530029296875,0.6782991886138916
528,1748283540834.51,55.24530029296875,0.6072735786437988
544,1748283542272.139,55.24530029296875,0.1628774106502533
544,1748283542272.139,55.24530029296875,0.5487872362136841
544,1748283542272.139,55.24530029296875,0.3866924047470093
544,1748283542272.139,55.24530029296875,-0.25580722093582153
544,1748283542272.139,55.24530029296875,-0.468416690826416
544,1748283542272.139,55.24530029296875,-0.3919919431209564
544,1748283542272.139,55.24530029296875,-0.2664754390716553
544,1748283542272.139,55.24530029296875,0.06648647785186768
544,1748283542272.139,55.24530029296875,0.6187483072280884
544,1748283542272.139,55.24530029296875,0.5425122380256653
544,1748283542272.139,55.24530029296875,-0.025786101818084717
544,1748283542272.139,55.24530029296875,-0.23260796070098877
544,1748283542272.139,55.24530029296875,-0.604800283908844
544,1748283542272.139,55.24530029296875,-0.6367071866989136
544,1748283542272.139,55.24530029296875,0.36535710096359253
560,1748283543712.831,55.24530029296875,-0.20673838257789612
560,1748283543712.831,55.24530029296875,-0.2700310945510864
560,1748283543712.831,55.24530029296875,0.0171736478805542
560,1748283543712.831,55.24530029296875,0.4242003858089447
560,1748283543712.831,55.24530029296875,0.36894339323043823
560,1748283543712.831,55.24530029296875,-0.01617288589477539
560,1748283543712.831,55.24530029296875,-0.15584760904312134
560,1748283543712.831,55.24530029296875,-0.5179620981216431
560,1748283543712.831,55.24530029296875,-0.5469812750816345
560,1748283543712.831,55.24530029296875,0.37714987993240356
560,1748283543712.831,55.24530029296875,0.8116713762283325
560,1748283543712.831,55.24530029296875,0.08351707458496094
560,1748283543712.831,55.24530029296875,-0.27336883544921875
560,1748283543712.831,55.24530029296875,-0.22341547906398773
560,1748283543712.831,55.24530029296875,-0.06604211032390594
576,1748283545153.854,55.24530029296875,-0.06200611591339111
576,1748283545153.854,55.24530029296875,-0.19756802916526794
576,1748283545153.854,55.24530029296875,-0.5171606540679932
576,1748283545153.854,55.24530029296875,-0.5070924758911133
576,1748283545153.854,55.24530029296875,0.3976128101348877
576,1748283545153.854,55.24530029296875,0.8132461905479431
576,1748283545153.854,55.24530029296875,0.10013306140899658
576,1748283545153.854,55.24530029296875,-0.27332887053489685
576,1748283545153.854,55.24530029296875,-0.24834764003753662
576,1748283545153.854,55.24530029296875,-0.0844837874174118
576,1748283545153.854,55.24530029296875,0.17615348100662231
576,1748283545153.854,55.24530029296875,0.06819786131381989
576,1748283545153.854,55.24530029296875,-0.1569567322731018
576,1748283545153.854,55.24530029296875,-0.1942482590675354
576,1748283545153.854,55.24530029296875,-0.2387663722038269
592,1748283546610.3474,55.24530029296875,0.7725897431373596
592,1748283546610.3474,55.24530029296875,0.10820990800857544
592,1748283546610.3474,55.24530029296875,-0.2435484528541565
592,1748283546610.3474,55.24530029296875,-0.2295643389225006
592,1748283546610.3474,55.24530029296875,-0.08165188133716583
592,1748283546610.3474,55.24530029296875,0.17240113019943237
592,1748283546610.3474,55.24530029296875,0.06619428098201752
592,1748283546610.3474,55.24530029296875,-0.16824093461036682
592,1748283546610.3474,55.24530029296875,-0.20156051218509674
592,1748283546610.3474,55.24530029296875,-0.23302209377288818
592,1748283546610.3474,55.24530029296875,0.049131810665130615
592,1748283546610.3474,55.24530029296875,0.5120975375175476
592,1748283546610.3474,55.24530029296875,0.6980277299880981
592,1748283546610.3474,55.24530029296875,0.01319277286529541
592,1748283546610.3474,55.24530029296875,-0.8930009007453918
608,1748283548031.4285,53.57120132446289,0.16793222725391388
608,1748283548031.4285,53.57120132446289,0.07529810070991516
608,1748283548031.4285,53.57120132446289,-0.16305819153785706
608,1748283548031.4285,53.57120132446289,-0.19805200397968292
608,1748283548031.4285,53.57120132446289,-0.22392934560775757
608,1748283548031.4285,53.57120132446289,0.0450129508972168
608,1748283548031.4285,53.57120132446289,0.49637502431869507
608,1748283548031.4285,53.57120132446289,0.6987695693969727
608,1748283548031.4285,53.57120132446289,0.02355790138244629
608,1748283548031.4285,53.57120132446289,-0.8952932357788086
608,1748283548031.4285,53.57120132446289,-0.5537029504776001
608,1748283548031.4285,53.57120132446289,0.1772933006286621
608,1748283548031.4285,53.57120132446289,0.25532692670822144
608,1748283548031.4285,53.57120132446289,0.44200822710990906
608,1748283548031.4285,53.57120132446289,0.24410492181777954
624,1748283549471.1753,53.57120132446289,0.039261579513549805
624,1748283549471.1753,53.57120132446289,0.49513164162635803
624,1748283549471.1753,53.57120132446289,0.70408034324646
624,1748283549471.1753,53.57120132446289,0.024642467498779297
624,1748283549471.1753,53.57120132446289,-0.8989005088806152
624,1748283549471.1753,53.57120132446289,-0.5519207715988159
624,1748283549471.1753,53.57120132446289,0.18072277307510376
624,1748283549471.1753,53.57120132446289,0.25077909231185913
624,1748283549471.1753,53.57120132446289,0.43458297848701477
624,1748283549471.1753,53.57120132446289,0.25295087695121765
624,1748283549471.1753,53.57120132446289,-0.6210815906524658
624,1748283549471.1753,53.57120132446289,-0.4610445499420166
624,1748283549471.1753,53.57120132446289,0.8111531734466553
624,1748283549471.1753,53.57120132446289,0.6160670518875122
624,1748283549471.1753,53.57120132446289,-0.6386088728904724
640,1748283550912.27,53.57120132446289,-0.558897852897644
640,1748283550912.27,53.57120132446289,0.18255829811096191
640,1748283550912.27,53.57120132446289,0.25017789006233215
640,1748283550912.27,53.57120132446289,0.43266433477401733
640,1748283550912.27,53.57120132446289,0.2614958584308624
640,1748283550912.27,53.57120132446289,-0.6159584522247314
640,1748283550912.27,53.57120132446289,-0.47116145491600037
640,1748283550912.27,53.57120132446289,0.8078375458717346
640,1748283550912.27,53.57120132446289,0.6218401193618774
640,1748283550912.27,53.57120132446289,-0.6398516297340393
640,1748283550912.27,53.57120132446289,-0.7522388696670532
640,1748283550912.27,53.57120132446289,-0.11918091773986816
640,1748283550912.27,53.57120132446289,0.37995028495788574
640,1748283550912.27,53.57120132446289,0.8319080471992493
640,1748283550912.27,53.57120132446289,0.2923235297203064
656,1748283552354.0417,53.57120132446289,-0.614347517490387
656,1748283552354.0417,53.57120132446289,-0.4744546413421631
656,1748283552354.0417,53.57120132446289,0.806704580783844
656,1748283552354.0417,53.57120132446289,0.6234213709831238
656,1748283552354.0417,53.57120132446289,-0.6401903629302979
656,1748283552354.0417,53.57120132446289,-0.7543570399284363
656,1748283552354.0417,53.57120132446289,-0.11921203136444092
656,1748283552354.0417,53.57120132446289,0.38398075103759766
656,1748283552354.0417,53.57120132446289,0.8341383337974548
656,1748283552354.0417,53.57120132446289,0.2882511615753174
656,1748283552354.0417,53.57120132446289,-0.6798704266548157
656,1748283552354.0417,53.57120132446289,-0.563019871711731
656,1748283552354.0417,53.57120132446289,0.2794424593448639
656,1748283552354.0417,53.57120132446289,0.07873623073101044
656,1748283552354.0417,53.57120132446289,-0.46424686908721924
672,1748283553791.2556,53.57120132446289,-0.7619327306747437
672,1748283553791.2556,53.57120132446289,-0.11938869953155518
672,1748283553791.2556,53.57120132446289,0.3988446593284607
672,1748283553791.2556,53.57120132446289,0.8423854112625122
672,1748283553791.2556,53.57120132446289,0.27298223972320557
672,1748283553791.2556,53.57120132446289,-0.6867914199829102
672,1748283553791.2556,53.57120132446289,-0.5522489547729492
672,1748283553791.2556,53.57120132446289,0.2735998034477234
672,1748283553791.2556,53.57120132446289,0.07193690538406372
672,1748283553791.2556,53.57120132446289,-0.45398223400115967
672,1748283553791.2556,53.57120132446289,0.2586877942085266
672,1748283553791.2556,53.57120132446289,0.8395299315452576
672,1748283553791.2556,53.57120132446289,-0.11211991310119629
672,1748283553791.2556,53.57120132446289,-0.5502793788909912
672,1748283553791.2556,53.57120132446289,0.17440804839134216
688,1748283555230.0784,53.57120132446289,-0.6869660019874573
688,1748283555230.0784,53.57120132446289,-0.5523245334625244
688,1748283555230.0784,53.57120132446289,0.2684301733970642
688,1748283555230.0784,53.57120132446289,0.07080988585948944
688,1748283555230.0784,53.57120132446289,-0.4438570439815521
688,1748283555230.0784,53.57120132446289,0.2628900408744812
688,1748283555230.0784,53.57120132446289,0.8279412984848022
688,1748283555230.0784,53.57120132446289,-0.11424392461776733
688,1748283555230.0784,53.57120132446289,-0.5412650108337402
688,1748283555230.0784,53.57120132446289,0.16958880424499512
688,1748283555230.0784,53.57120132446289,-0.059767842292785645
688,1748283555230.0784,53.57120132446289,-0.41109001636505127
688,1748283555230.0784,53.57120132446289,0.11727035045623779
688,1748283555230.0784,53.57120132446289,0.38693496584892273
688,1748283555230.0784,53.57120132446289,0.08901853859424591
704,1748283556672.8918,53.57120132446289,0.2598438262939453
704,1748283556672.8918,53.57120132446289,0.8292090892791748
704,1748283556672.8918,53.57120132446289,-0.11998426914215088
704,1748283556672.8918,53.57120132446289,-0.5342094898223877
704,1748283556672.8918,53.57120132446289,0.18280616402626038
704,1748283556672.8918,53.57120132446289,-0.07468768954277039
704,1748283556672.8918,53.57120132446289,-0.42395341396331787
704,1748283556672.8918,53.57120132446289,0.13716056942939758
704,1748283556672.8918,53.57120132446289,0.402800977230072
704,1748283556672.8918,53.57120132446289,0.0722060352563858
704,1748283556672.8918,53.57120132446289,-0.07328027486801147
704,1748283556672.8918,53.57120132446289,0.07020001113414764
704,1748283556672.8918,53.57120132446289,-0.15962561964988708
704,1748283556672.8918,53.57120132446289,-0.552186131477356
704,1748283556672.8918,53.57120132446289,-0.14665919542312622
720,1748283558110.2712,53.57120132446289,-0.07532268017530441
720,1748283558110.2712,53.57120132446289,-0.4219355583190918
720,1748283558110.2712,53.57120132446289,0.13676562905311584
720,1748283558110.2712,53.57120132446289,0.4000559449195862
720,1748283558110.2712,53.57120132446289,0.07236641645431519
720,1748283558110.2712,53.57120132446289,-0.07083083689212799
720,1748283558110.2712,53.57120132446289,0.07113124430179596
720,1748283558110.2712,53.57120132446289,-0.16130028665065765
720,1748283558110.2712,53.57120132446289,-0.5530847907066345
720,1748283558110.2712,53.57120132446289,-0.14350926876068115
720,1748283558110.2712,53.57120132446289,0.8225269317626953
720,1748283558110.2712,53.57120132446289,0.7836451530456543
720,1748283558110.2712,53.57120132446289,-0.43455296754837036
720,1748283558110.2712,53.57120132446289,-0.8386176228523254
720,1748283558110.2712,53.57120132446289,-0.16189759969711304
736,1748283559556.4202,53.57120132446289,-0.07074038684368134
736,1748283559556.4202,53.57120132446289,0.06973432004451752
736,1748283559556.4202,53.57120132446289,-0.1605062335729599
736,1748283559556.4202,53.57120132446289,-0.552491307258606
736,1748283559556.4202,53.57120132446289,-0.14650219678878784
736,1748283559556.4202,53.57120132446289,0.823097825050354
736,1748283559556.4202,53.57120132446289,0.7874196767807007
736,1748283559556.4202,53.57120132446289,-0.4353681802749634
736,1748283559556.4202,53.57120132446289,-0.8421138525009155
736,1748283559556.4202,53.57120132446289,-0.16090446710586548
736,1748283559556.4202,53.57120132446289,0.06328237056732178
736,1748283559556.4202,53.57120132446289,-0.0048046112060546875
736,1748283559556.4202,53.57120132446289,0.5460963845252991
736,1748283559556.4202,53.57120132446289,0.3407652676105499
736,1748283559556.4202,53.57120132446289,-0.07712668180465698
752,1748283560991.608,50.222999572753906,1.4297282695770264
752,1748283560991.608,50.222999572753906,0.6356656551361084
752,1748283560991.608,50.222999572753906,-1.2618978023529053
752,1748283560991.608,50.222999572753906,-0.9821118116378784
752,1748283560991.608,50.222999572753906,0.3490484952926636
752,1748283560991.608,50.222999572753906,0.36771488189697266
752,1748283560991.608,50.222999572753906,0.017040878534317017
752,1748283560991.608,50.222999572753906,0.5078321695327759
752,1748283560991.608,50.222999572753906,0.2000177502632141
752,1748283560991.608,50.222999572753906,-0.26500603556632996
752,1748283560991.608,50.222999572753906,0.03638279438018799
752,1748283560991.608,50.222999572753906,-0.07897299528121948
752,1748283560991.608,50.222999572753906,-0.5592530965805054
752,1748283560991.608,50.222999572753906,-0.48971426486968994
752,1748283560991.608,50.222999572753906,0.12061059474945068
768,1748283562430.3386,51.897098541259766,0.3607844114303589
768,1748283562430.3386,51.897098541259766,0.02487725019454956
768,1748283562430.3386,51.897098541259766,0.504409909248352
768,1748283562430.3386,51.897098541259766,0.18674832582473755
768,1748283562430.3386,51.897098541259766,-0.2641063928604126
768,1748283562430.3386,51.897098541259766,0.04734748601913452
768,1748283562430.3386,51.897098541259766,-0.07438409328460693
768,1748283562430.3386,51.897098541259766,-0.5572145581245422
768,1748283562430.3386,51.897098541259766,-0.49599260091781616
768,1748283562430.3386,51.897098541259766,0.11471545696258545
768,1748283562430.3386,51.897098541259766,0.6801778078079224
768,1748283562430.3386,51.897098541259766,0.6140042543411255
768,1748283562430.3386,51.897098541259766,-0.01446223258972168
768,1748283562430.3386,51.897098541259766,-0.27911198139190674
768,1748283562430.3386,51.897098541259766,-0.20956087112426758
784,1748283563874.4736,51.897098541259766,0.050340741872787476
784,1748283563874.4736,51.897098541259766,-0.07176750898361206
784,1748283563874.4736,51.897098541259766,-0.5543438196182251
784,1748283563874.4736,51.897098541259766,-0.49847567081451416
784,1748283563874.4736,51.897098541259766,0.10976684093475342
784,1748283563874.4736,51.897098541259766,0.6824374198913574
784,1748283563874.4736,51.897098541259766,0.6146813631057739
784,1748283563874.4736,51.897098541259766,-0.014482617378234863
784,1748283563874.4736,51.897098541259766,-0.27624285221099854
784,1748283563874.4736,51.897098541259766,-0.21094152331352234
784,1748283563874.4736,51.897098541259766,-0.36652320623397827
784,1748283563874.4736,51.897098541259766,-0.1306523084640503
784,1748283563874.4736,51.897098541259766,0.49644628167152405
784,1748283563874.4736,51.897098541259766,0.31340140104293823
784,1748283563874.4736,51.897098541259766,-0.30608659982681274
800,1748283565311.4155,51.897098541259766,0.6869578957557678
800,1748283565311.4155,51.897098541259766,0.6133301258087158
800,1748283565311.4155,51.897098541259766,-0.013866722583770752
800,1748283565311.4155,51.897098541259766,-0.26949095726013184
800,1748283565311.4155,51.897098541259766,-0.21404540538787842
800,1748283565311.4155,51.897098541259766,-0.36717337369918823
800,1748283565311.4155,51.897098541259766,-0.12418782711029053
800,1748283565311.4155,51.897098541259766,0.48770689964294434
800,1748283565311.4155,51.897098541259766,0.3034190535545349
800,1748283565311.4155,51.897098541259766,-0.28222304582595825
800,1748283565311.4155,51.897098541259766,-0.4631320536136627
800,1748283565311.4155,51.897098541259766,-0.10326015949249268
800,1748283565311.4155,51.897098541259766,0.16877207159996033
800,1748283565311.4155,51.897098541259766,0.2905985414981842
800,1748283565311.4155,51.897098541259766,0.4990829825401306
